50
0 36 13
0 28 15
0 24 29
0 49 25
0 21 21
0 16 6
0 30 18
0 2 9
0 22 26
0 38 6
0 46 18
1 29 14
1 24 12
1 36 23
1 12 12
1 14 19
1 37 26
2 5 11
2 48 14
2 45 21
2 6 16
2 46 8
2 47 5
3 28 14
3 30 19
3 24 7
3 14 12
3 48 11
3 41 11
3 46 25
4 26 13
4 18 13
4 47 26
4 2 12
4 12 6
4 24 5
4 23 22
4 39 6
5 23 12
5 14 21
5 46 25
5 33 10
5 12 17
6 2 22
6 11 17
6 40 22
6 27 14
6 24 7
6 45 8
6 1 8
7 19 13
7 35 21
7 8 25
7 6 23
7 15 8
7 13 17
7 45 23
7 47 19
8 31 23
8 17 5
8 12 13
8 47 13
8 44 21
8 14 13
8 20 14
8 36 29
8 15 17
8 9 25
8 42 26
8 6 17
9 24 20
9 4 19
9 33 28
9 14 20
9 42 15
9 16 12
10 17 8
10 1 8
10 45 14
10 23 19
10 25 21
11 21 11
11 18 6
11 31 27
11 23 10
11 10 8
11 4 15
11 24 16
12 35 9
12 21 8
12 7 6
12 46 17
12 30 14
12 1 26
12 4 29
12 18 12
12 5 6
12 26 19
12 25 10
13 6 11
13 15 27
13 8 21
13 21 28
13 3 20
13 44 8
14 25 13
14 38 22
14 44 27
14 15 26
14 41 20
14 10 22
14 26 7
15 16 14
15 25 7
15 44 19
15 36 6
15 43 26
16 7 7
16 41 26
16 43 26
16 45 27
16 11 24
17 2 23
17 34 28
17 33 11
17 49 18
17 37 9
17 39 17
17 38 13
18 33 16
18 21 5
18 7 6
18 40 28
18 31 11
19 8 22
19 6 7
19 44 6
19 41 10
19 47 10
19 34 17
19 22 26
19 7 11
20 2 17
20 36 12
20 1 14
20 18 18
20 16 6
20 34 7
21 0 9
21 43 14
21 18 19
22 21 8
22 6 17
22 20 11
22 27 18
22 15 26
22 35 10
22 41 16
22 14 7
22 17 29
23 11 20
23 6 24
23 2 21
23 13 26
23 28 13
23 0 22
23 41 23
23 22 8
23 29 9
24 34 6
24 43 7
24 7 9
24 27 12
24 20 9
25 14 25
25 12 7
25 38 17
25 34 5
25 9 20
25 28 8
26 17 22
26 27 23
26 45 22
26 41 26
26 20 11
27 23 24
27 29 22
27 13 20
27 43 25
27 5 9
27 3 14
27 39 29
27 40 8
27 14 23
27 21 19
28 45 21
28 15 6
28 48 28
28 33 13
28 7 19
28 41 24
28 26 24
28 17 24
29 16 24
29 14 16
29 8 18
29 43 15
29 33 9
29 13 17
29 11 12
29 39 25
29 27 18
30 44 12
30 14 23
30 12 24
30 21 23
30 15 28
30 20 8
30 9 9
30 1 16
31 19 7
31 38 20
31 27 20
31 21 21
31 33 13
31 15 12
31 11 25
31 35 22
31 13 29
32 3 18
32 49 25
32 17 25
32 29 7
32 33 8
32 44 24
32 46 29
32 41 14
33 28 27
33 7 18
33 11 15
33 2 29
33 45 19
34 20 28
34 23 8
34 32 6
34 37 29
34 25 13
34 11 11
34 6 21
35 26 14
35 40 21
35 44 6
35 36 17
35 6 28
35 17 26
35 25 21
36 29 6
36 30 12
36 17 21
36 31 21
36 32 19
36 21 10
36 28 26
36 42 12
36 3 12
36 7 22
36 24 29
37 36 22
37 30 18
38 37 26
38 25 5
38 8 14
38 16 9
38 5 13
38 6 8
38 23 15
38 39 26
38 21 27
38 22 25
38 13 7
39 22 29
39 6 28
39 8 15
39 0 18
39 38 29
40 47 8
40 3 9
40 4 22
40 27 10
40 9 11
40 23 12
40 46 27
40 48 17
40 6 7
41 37 26
41 16 24
41 29 20
41 44 12
41 34 9
41 22 27
41 21 23
41 6 7
41 10 11
42 21 20
42 34 13
42 9 7
42 26 19
42 0 12
42 2 7
42 4 17
43 0 21
43 12 6
43 47 9
43 49 14
43 34 12
43 23 12
44 7 7
44 15 17
44 13 11
44 0 16
44 37 14
44 19 25
44 47 16
44 18 27
44 17 13
44 36 20
44 12 11
44 46 28
44 21 27
45 41 8
45 3 28
45 39 25
45 34 18
45 43 24
45 30 27
45 17 16
46 33 29
46 13 19
46 28 29
46 16 24
46 27 24
46 48 24
47 9 17
47 2 12
47 37 28
47 0 16
47 18 21
47 40 14
47 1 25
47 6 22
47 30 17
47 48 13
47 42 5
48 16 5
48 21 9
48 49 25
48 0 7
48 11 8
48 32 14
49 36 7
49 33 10
49 44 12
49 37 11
49 32 18
49 26 8
49 30 14
49 22 9
